     1     8071.323        0.002
  1001     7288.969        0.001
  1002    13135.720        0.001
  1003    14949.794        0.002
  1004    25930.000      110.000
  1005    36800.000     1000.000
  1006    41900.000      300.000
  2003    14931.204        0.001
  2004     2424.911        0.001
  2005    11390.000       50.000
  2006    17594.100        1.100
  2007    26110.000       30.000
  2008    31598.000        7.000
  2009    40820.000       70.000
  2010    48810.000       70.000
  3004    25320.000      220.000
  3005    11680.000       50.000
  3006    14086.300        0.500
  3007    14907.700        0.500
  3008    20946.200        0.500
  3009    24953.900        2.000
  3010    33050.000       16.000
  3011    40800.000       30.000
  3012    50100.000     1000.000
  4005    38000.000     4000.000
  4006    18374.000        6.000
  4007    15769.500        0.500
  4008     4941.660        0.040
  4009    11347.600        0.400
  4010    12606.600        0.400
  4011    20174.000        7.000
  4012    25076.000       15.000
  4013    33700.000      500.000
  4014    39880.000      110.000
  5007    27870.000       70.000
  5008    22921.000        1.100
  5009    12415.700        1.000
  5010    12050.800        0.400
  5011     8668.000        0.500
  5012    13368.900        1.400
  5013    16562.200        1.100
  5014    23664.000       22.000
  5015    28967.000       23.000
  5016    37080.000       60.000
  5017    43720.000      140.000
  5018    52300.000      800.000
  5019    59400.000      400.000
  6008    35094.000       23.000
  6009    28913.700        2.200
  6010    15698.600        0.400
  6011    10650.500        1.000
  6012        0.000        0.000
  6013     3125.011        0.001
  6014     3019.892        0.004
  6015     9873.100        0.800
  6016    13694.000        4.000
  6017    21037.000       18.000
  6018    24920.000       30.000
  6019    32830.000      110.000
  6020    37560.000      200.000
  6021    46000.000      500.000
  6022    52600.000      900.000
  7010    39700.000      400.000
  7011    24960.000      180.000
  7012    17338.100        1.000
  7013     5345.500        0.300
  7014     2863.417        0.001
  7015      101.438        0.001
  7016     5683.000        3.000
  7017     7871.000       15.000
  7018    13117.000       20.000
  7019    15860.000       17.000
  7020    21770.000       60.000
  7021    25230.000       90.000
  7022    32080.000      200.000
  7023    37700.000      700.000
  7024    47000.000      500.000
  8012    32048.000       19.000
  8013    23111.000       10.000
  8014     8006.460        0.080
  8015     2855.400        0.500
  8016    -4736.998        0.002
  8017     -809.000        0.210
  8018     -782.100        0.800
  8019     3334.000        4.000
  8020     3796.900        1.200
  8021     8062.000       12.000
  8022     9280.000       60.000
  8023    14620.000      110.000
  8024    19000.000      300.000
  8025    27100.000      400.000
  8026    35200.000      500.000
  9014    33600.000      400.000
  9015    16780.000      140.000
  9016    10680.000        9.000
  9017     1951.700        0.250
  9018      873.400        0.600
  9019    -1487.410        0.070
  9020      -17.400        0.090
  9021      -47.600        1.800
  9022     2794.000       13.000
  9023     3330.000       80.000
  9024     7540.000       70.000
  9025    11270.000       80.000
  9026    18290.000      130.000
  9027    25100.000      500.000
  9028    33200.000      600.000
  9029    40300.000      600.000
 10016    23992.000       21.000
 10017    16490.000       50.000
 10018     5306.800        1.500
 10019     1751.100        0.600
 10020    -7041.930        0.002
 10021    -5731.720        0.040
 10022    -8024.340        0.220
 10023    -5153.640        0.250
 10024    -5948.000       10.000
 10025    -2060.000       50.000
 10026      430.000       60.000
 10027     7090.000      100.000
 10028    11280.000      120.000
 10029    18000.000      300.000
 10030    22200.000      900.000
 10031    30800.000      900.000
 10032    37200.000      900.000
 11018    25300.000      400.000
 11019    12929.000       12.000
 11020     6845.000        7.000
 11021    -2184.300        0.700
 11022    -5182.100        0.500
 11023    -9529.490        0.210
 11024    -8417.600        0.220
 11025    -9357.500        1.300
 11026    -6902.000       15.000
 11027    -5580.000       40.000
 11028    -1030.000       80.000
 11029     2620.000       90.000
 11030     8590.000      100.000
 11031    12660.000      170.000
 11032    18300.000      500.000
 11033    25500.000     1500.000
 11034    32500.000     1100.000
 11035    41200.000     1600.000
 12020    17570.000       30.000
 12021    10912.000       17.000
 12022     -396.800        1.400
 12023    -5472.700        1.300
 12024   -13933.380        0.190
 12025   -13192.730        0.190
 12026   -16214.480        0.200
 12027   -14586.500        0.200
 12028   -15018.800        2.000
 12029   -10660.000       30.000
 12030    -8880.000       70.000
 12031    -3220.000       80.000
 12032     -800.000      100.000
 12033     5200.000      150.000
 12034     8500.000      300.000
 12035    16300.000      500.000
 12036    20900.000      900.000
 12037    29100.000      900.000
 13021    26100.000      300.000
 13022    18180.000      100.000
 13023     6767.000       25.000
 13024      -55.000        4.000
 13025    -8915.700        0.700
 13026   -12210.340        0.200
 13027   -17196.830        0.130
 13028   -16850.550        0.140
 13029   -18215.500        1.200
 13030   -15872.000       14.000
 13031   -14954.000       21.000
 13032   -11060.000       90.000
 13033    -8500.000       70.000
 13034    -2860.000       90.000
 13035      -60.000        1.400
 13036     5900.000      300.000
 13037     9600.000      600.000
 13038    15700.000      600.000
 13039    20400.000      600.000
 14022    32160.000      200.000
 14023    23770.000      200.000
 14024    10755.000       20.000
 14025     3825.000       10.000
 14026    -7145.000        3.000
 14027   -12384.430        0.160
 14028   -21492.793        0.003
 14029   -21895.030        0.030
 14030   -24432.880        0.050
 14031   -22948.960        0.070
 14032   -24080.900        2.200
 14033   -20492.000       16.000
 14034   -19957.000       15.000
 14035   -14360.000       40.000
 14036   -12400.000      110.000
 14037    -6520.000      130.000
 14038    -3700.000      300.000
 14039     2100.000      400.000
 14040     5400.000      500.000
 14041    11800.000      600.000
 14042    15000.000      700.000
 15024    32000.000      500.000
 15025    18870.000      200.000
 15026    10970.000      200.000
 15027     -750.000       40.000
 15028    -7161.000        4.000
 15029   -16951.900        0.800
 15030   -20200.600        0.400
 15031   -24440.990        0.190
 15032   -24305.320        0.190
 15033   -26337.700        1.100
 15034   -24558.000        5.000
 15035   -24857.600        1.900
 15036   -20251.000       14.000
 15037   -18990.000       40.000
 15038   -14470.000      140.000
 15039   -12650.000      150.000
 15040    -8340.000      200.000
 15041    -4800.000      500.000
 15042      100.000        5.000
 15043     3100.000      500.000
 15044     9200.000      700.000
 15045    14100.000      800.000
 15046    22200.000      900.000
 16026    26000.000      300.000
 16027    17510.000      210.000
 16028     4070.000      160.000
 16029    -3160.000       50.000
 16030   -14063.000        3.000
 16031   -19044.900        1.500
 16032   -26015.980        0.120
 16033   -26586.240        0.110
 16034   -29931.850        0.100
 16035   -28846.370        0.100
 16036   -30663.960        0.240
 16037   -26896.200        0.300
 16038   -26861.000        8.000
 16039   -23160.000       50.000
 16040   -22850.000      240.000
 16041   -18600.000      220.000
 16042   -17200.000      400.000
 16043   -12500.000      900.000
 16044   -10900.000      500.000
 16045    -4800.000      600.000
 16046     -400.000        7.000
 16047     7100.000      800.000
 16048    12100.000      900.000
 16049    20500.000     1000.000
 17028    26600.000      500.000
 17029    13140.000      200.000
 17030     4440.000      200.000
 17031    -7060.000       50.000
 17032   -13331.000        7.000
 17033   -21003.500        0.600
 17034   -24440.570        0.120
 17035   -29013.510        0.040
 17036   -29521.890        0.080
 17037   -31761.520        0.050
 17038   -29797.980        0.120
 17039   -29800.700        1.800
 17040   -27560.000       40.000
 17041   -27340.000       70.000
 17042   -24990.000      110.000
 17043   -24030.000      170.000
 17044   -19990.000      230.000
 17045   -18900.000      700.000
 17046   -14800.000      500.000
 17047   -11200.000      600.000
 17048    -4800.000      700.000
 17049     -100.000        8.000
 17050     7200.000      900.000
 17051    12600.000     1000.000
 18030    20100.000      300.000
 18031    11300.000      210.000
 18032    -2180.000       50.000
 18033    -9380.000       30.000
 18034   -18378.000        3.000
 18035   -23048.200        0.800
 18036   -30230.400        0.300
 18037   -30948.000        0.300
 18038   -34714.800        0.500
 18039   -33242.000        5.000
 18040   -35039.890        0.004
 18041   -33067.300        0.700
 18042   -34420.000       40.000
 18043   -31980.000       70.000
 18044   -32262.000       21.000
 18045   -29720.000       60.000
 18046   -29720.000       40.000
 18047   -25910.000      100.000
 18048   -23200.000      300.000
 18049   -16600.000      500.000
 18050   -13100.000      700.000
 18051    -6300.000      700.000
 18052    -1700.000      900.000
 18053     5800.000     1000.000
 19032    20400.000      500.000
 19033     6760.000      200.000
 19034    -1500.000      300.000
 19035   -11167.000       20.000
 19036   -17425.000        8.000
 19037   -24799.200        0.300
 19038   -28801.700        0.800
 19039   -33806.800        0.300
 19040   -33535.000        0.300
 19041   -35558.900        0.300
 19042   -35021.300        0.300
 19043   -36593.000        9.000
 19044   -35810.000       40.000
 19045   -36608.000       11.000
 19046   -35419.000       16.000
 19047   -35697.000        8.000
 19048   -32124.000       25.000
 19049   -30320.000       70.000
 19050   -25400.000      300.000
 19051   -22000.000      500.000
 19052   -16200.000      700.000
 19053   -12000.000      700.000
 19054    -5600.000      900.000
 19055     -600.000       10.000
 20034    13200.000      300.000
 20035     4440.000       70.000
 20036    -6440.000       40.000
 20037   -13161.000       23.000
 20038   -22059.000        5.000
 20039   -27276.300        1.800
 20040   -34846.100        0.300
 20041   -35137.500        0.400
 20042   -38546.800        0.400
 20043   -38408.400        0.500
 20044   -41469.100        0.900
 20045   -40812.500        0.900
 20046   -43134.900        2.400
 20047   -42339.700        2.400
 20048   -44215.000        5.000
 20049   -41290.000        5.000
 20050   -39571.000       10.000
 20051   -35890.000       90.000
 20052   -32500.000      500.000
 20053   -27900.000      500.000
 20054   -23600.000      700.000
 20055   -18100.000      700.000
 20056   -13200.000      900.000
 20057    -7100.000     1000.000
 21036    13900.000      500.000
 21037     2800.000      300.000
 21038    -4900.000      300.000
 21039   -14168.000       24.000
 21040   -20526.000        5.000
 21041   -28642.200        0.300
 21042   -32120.900        0.400
 21043   -36187.600        1.900
 21044   -37815.800        1.800
 21045   -41069.300        1.100
 21046   -41758.600        1.100
 21047   -44331.600        2.100
 21048   -44493.000        6.000
 21049   -46552.000        4.000
 21050   -44538.000       16.000
 21051   -43219.000       21.000
 21052   -40380.000      240.000
 21053   -38000.000      300.000
 21054   -34500.000      500.000
 21055   -30300.000     1100.000
 21056   -25500.000      700.000
 21057   -21400.000      700.000
 21058   -15800.000      800.000
 21059   -11100.000      900.000
 22038     9100.000      300.000
 22039     1230.000      110.000
 22040    -8850.000      160.000
 22041   -15710.000       40.000
 22042   -25121.000        6.000
 22043   -29320.000        7.000
 22044   -37548.300        0.800
 22045   -39006.900        1.200
 22046   -44125.300        1.200
 22047   -44931.700        1.000
 22048   -48487.000        1.000
 22049   -48558.000        1.000
 22050   -51425.800        1.000
 22051   -49726.900        1.400
 22052   -49464.000        8.000
 22053   -46820.000      100.000
 22054   -45760.000      240.000
 22055   -41810.000      250.000
 22056   -39100.000      300.000
 22057   -34600.000     1000.000
 22058   -31600.000      700.000
 22059   -26100.000      700.000
 22060   -22700.000      800.000
 22061   -16800.000      900.000
 23040    10300.000      500.000
 23041     -200.000        3.000
 23042    -8170.000      200.000
 23043   -18020.000      240.000
 23044   -23850.000       90.000
 23045   -31874.000       17.000
 23046   -37073.900        1.500
 23047   -42003.900        1.200
 23048   -44475.000        3.000
 23049   -47956.200        1.300
 23050   -49217.500        1.300
 23051   -52197.500        1.300
 23052   -51437.400        1.400
 23053   -51845.000        4.000
 23054   -49887.000       15.000
 23055   -49150.000      100.000
 23056   -46240.000      250.000
 23057   -44400.000      300.000
 23058   -40400.000      300.000
 23059   -37900.000      400.000
 23060   -33100.000      600.000
 23061   -30400.000      700.000
 23062   -25000.000      700.000
 23063   -21700.000      900.000
 24042     6000.000      300.000
 24043    -2140.000       90.000
 24044   -13540.000      130.000
 24045   -19410.000      110.000
 24046   -29471.000       20.000
 24047   -34552.000       14.000
 24048   -42815.000        8.000
 24049   -45325.000        3.000
 24050   -50254.500        1.400
 24051   -51444.800        1.400
 24052   -55412.800        1.400
 24053   -55280.600        1.400
 24054   -56928.300        1.400
 24055   -55103.300        1.500
 24056   -55289.000       10.000
 24057   -52390.000      100.000
 24058   -51930.000      250.000
 24059   -47900.000      300.000
 24060   -46800.000      300.000
 24061   -42800.000      300.000
 24062   -41200.000      400.000
 24063   -35500.000      700.000
 24064   -33300.000      700.000
 24065   -27600.000      900.000
 25044     6400.000      500.000
 25045    -5100.000      300.000
 25046   -12370.000      120.000
 25047   -22260.000      160.000
 25048   -29000.000       80.000
 25049   -37611.000       24.000
 25050   -42621.500        1.400
 25051   -48237.000        1.400
 25052   -50701.100        2.400
 25053   -54683.600        1.500
 25054   -55551.300        1.800
 25055   -57706.400        1.400
 25056   -56905.600        1.400
 25057   -57485.000        4.000
 25058   -55900.000       30.000
 25059   -55470.000       30.000
 25060   -52900.000      300.000
 25061   -51700.000      300.000
 25062   -48500.000      300.000
 25063   -46800.000      300.000
 25064   -43100.000      400.000
 25065   -40900.000      600.000
 25066   -36500.000      700.000
 25067   -33700.000      800.000
 26045    13600.000      400.000
 26046      800.000        4.000
 26047    -6600.000      300.000
 26048   -18110.000      110.000
 26049   -24580.000      160.000
 26050   -34470.000       60.000
 26051   -40217.000       15.000
 26052   -48329.000       11.000
 26053   -50941.300        2.100
 26054   -56248.400        1.400
 26055   -57475.000        1.400
 26056   -60601.000        1.400
 26057   -60175.700        1.400
 26058   -62148.800        1.400
 26059   -60658.400        1.400
 26060   -61407.000        4.000
 26061   -58917.000       20.000
 26062   -58898.000       15.000
 26063   -55780.000      190.000
 26064   -55100.000      300.000
 26065   -51300.000      300.000
 26066   -50300.000      400.000
 26067   -46600.000      500.000
 26068   -44200.000      700.000
 26069   -39400.000      800.000
 27048     1600.000      400.000
 27049    -9600.000      300.000
 27050   -17200.000      170.000
 27051   -27270.000      150.000
 27052   -33920.000       70.000
 27053   -42639.000       18.000
 27054   -48005.300        1.400
 27055   -54023.700        1.400
 27056   -56035.000        2.500
 27057   -59339.700        1.400
 27058   -59841.400        1.800
 27059   -62223.600        1.500
 27060   -61644.200        1.500
 27061   -62895.000        1.600
 27062   -61428.000       20.000
 27063   -61837.000       20.000
 27064   -59789.000       20.000
 27065   -59164.000       14.000
 27066   -56100.000      300.000
 27067   -55300.000      300.000
 27068   -51800.000      400.000
 27069   -51000.000      400.000
 27070   -46800.000      700.000
 27071   -45000.000      800.000
 27072   -40600.000      800.000
 28050    -3800.000      300.000
 28051   -11400.000      300.000
 28052   -22650.000       90.000
 28053   -29380.000      160.000
 28054   -39210.000       50.000
 28055   -45330.000       11.000
 28056   -53900.000       12.000
 28057   -56075.000        3.000
 28058   -60223.000        1.500
 28059   -61151.100        1.500
 28060   -64468.100        1.500
 28061   -64216.800        1.500
 28062   -66742.700        1.500
 28063   -65509.200        1.500
 28064   -67095.900        1.500
 28065   -65122.600        1.500
 28066   -66029.000       16.000
 28067   -63742.000       19.000
 28068   -63486.000       17.000
 28069   -60380.000      140.000
 28070   -59500.000      400.000
 28071   -55900.000      400.000
 28072   -54700.000      500.000
 28073   -50200.000      600.000
 28074   -48500.000      700.000
 28075   -43800.000      800.000
 28076   -41600.000      900.000
 28077   -36500.000     1000.000
 28078   -33700.000     1100.000
 29052    -2600.000      300.000
 29053   -13500.000      300.000
 29054   -21690.000      220.000
 29055   -31600.000      300.000
 29056   -38600.000      140.000
 29057   -47305.000       16.000
 29058   -51660.000        3.000
 29059   -56351.500        1.700
 29060   -58341.000        3.000
 29061   -61979.600        1.900
 29062   -62795.000        5.000
 29063   -65576.200        1.500
 29064   -65420.800        1.500
 29065   -67259.700        1.800
 29066   -66254.300        1.800
 29067   -67300.000        9.000
 29068   -65540.000       50.000
 29069   -65740.000        8.000
 29070   -62960.000       15.000
 29071   -62760.000       40.000
 29072   -60060.000      200.000
 29073   -59200.000      300.000
 29074   -55700.000      400.000
 29075   -54300.000      500.000
 29076   -50300.000      600.000
 29077   -48500.000      700.000
 29078   -44000.000      800.000
 29079   -41700.000      900.000
 29080   -35500.000      900.000
 30054    -6600.000      400.000
 30055   -14900.000      300.000
 30056   -25700.000      300.000
 30057   -32690.000      150.000
 30058   -42290.000       50.000
 30059   -47260.000       40.000
 30060   -54183.000       11.000
 30061   -56342.000       17.000
 30062   -61167.000       11.000
 30063   -62209.300        2.200
 30064   -65999.500        1.700
 30065   -65907.800        1.800
 30066   -68896.300        1.600
 30067   -67877.200        1.600
 30068   -70004.000        1.700
 30069   -68414.900        1.700
 30070   -69559.000        4.000
 30071   -67322.000       11.000
 30072   -68128.000        6.000
 30073   -65410.000       40.000
 30074   -65710.000       50.000
 30075   -62470.000       70.000
 30076   -62040.000      120.000
 30077   -58600.000      140.000
 30078   -57220.000      170.000
 30079   -53400.000      300.000
 30080   -51780.000      180.000
 30081   -46100.000      400.000
 30082   -42100.000      400.000
 31056    -4700.000      300.000
 31057   -15900.000      300.000
 31058   -23990.000      220.000
 31059   -34120.000      170.000
 31060   -40000.000      120.000
 31061   -47350.000      200.000
 31062   -52000.000       30.000
 31063   -56690.000      100.000
 31064   -58835.000        4.000
 31065   -62652.900        1.900
 31066   -63721.000        4.000
 31067   -66876.700        1.800
 31068   -67082.900        2.100
 31069   -69321.000        3.000
 31070   -68905.000        3.000
 31071   -70136.800        1.800
 31072   -68586.500        2.100
 31073   -69704.000        7.000
 31074   -68050.000       70.000
 31075   -68464.000        7.000
 31076   -66200.000       90.000
 31077   -65870.000       60.000
 31078   -63660.000       80.000
 31079   -62490.000      120.000
 31080   -59070.000      130.000
 31081   -57980.000      200.000
 31082   -52900.000      300.000
 31083   -49500.000      500.000
 31084   -44400.000      600.000
 32058    -8400.000      400.000
 32059   -17000.000      300.000
 32060   -27770.000      240.000
 32061   -33700.000      300.000
 32062   -42240.000      140.000
 32063   -46910.000      200.000
 32064   -54400.000      300.000
 32065   -56410.000      100.000
 32066   -61620.000       30.000
 32067   -62654.000        5.000
 32068   -66977.000        7.000
 32069   -67094.000        3.000
 32070   -70560.300        1.800
 32071   -69904.900        1.800
 32072   -72585.600        1.500
 32073   -71297.100        1.500
 32074   -73422.000        1.500
 32075   -71855.900        1.500
 32076   -73212.900        1.500
 32077   -71214.100        1.900
 32078   -71862.000        4.000
 32079   -69490.000       90.000
 32080   -69448.000       24.000
 32081   -66300.000      120.000
 32082   -65620.000      250.000
 32083   -61000.000      300.000
 32084   -58400.000      400.000
 32085   -53400.000      500.000
 32086   -50000.000      600.000
 33060    -6400.000      600.000
 33061   -18100.000      600.000
 33062   -25000.000      300.000
 33063   -33800.000      500.000
 33064   -39500.000      400.000
 33065   -47100.000      400.000
 33066   -51820.000      210.000
 33067   -56640.000      100.000
 33068   -58880.000      100.000
 33069   -63080.000       40.000
 33070   -64340.000       50.000
 33071   -67892.000        5.000
 33072   -68229.000        5.000
 33073   -70956.000        4.000
 33074   -70859.600        2.300
 33075   -73032.500        1.700
 33076   -72289.600        1.700
 33077   -73916.200        2.200
 33078   -72816.000       10.000
 33079   -73636.000        6.000
 33080   -72118.000       22.000
 33081   -72533.000        6.000
 33082   -70320.000      200.000
 33083   -69880.000      220.000
 33084   -66100.000      300.000
 33085   -63500.000      300.000
 33086   -59400.000      400.000
 33087   -56300.000      500.000
 33088   -51600.000      600.000
 33089   -47300.000      600.000
 34065   -32900.000      600.000
 34066   -41700.000      300.000
 34067   -46490.000      200.000
 34068   -54100.000      300.000
 34069   -56300.000       40.000
 34070   -61940.000      210.000
 34071   -63090.000      200.000
 34072   -67894.000       12.000
 34073   -68216.000       11.000
 34074   -72212.600        1.500
 34075   -72168.800        1.500
 34076   -75251.600        1.500
 34077   -74599.000        1.500
 34078   -77025.700        1.500
 34079   -75916.900        1.600
 34080   -77759.400        1.900
 34081   -76389.100        2.000
 34082   -77593.400        2.100
 34083   -75340.000        4.000
 34084   -75950.000       15.000
 34085   -72430.000       30.000
 34086   -70541.000       16.000
 34087   -66580.000       40.000
 34088   -63880.000       50.000
 34089   -59600.000      300.000
 34090   -56400.000      400.000
 34091   -50900.000      500.000
 34092   -47200.000      600.000
 35067   -32800.000      500.000
 35068   -38900.000      600.000
 35069   -46400.000      400.000
 35070   -51600.000      400.000
 35071   -56600.000      300.000
 35072   -59200.000      300.000
 35073   -63530.000      140.000
 35074   -65306.000       15.000
 35075   -69139.000       14.000
 35076   -70289.000       10.000
 35077   -73234.000        4.000
 35078   -73452.000        4.000
 35079   -76068.000        1.900
 35080   -75888.800        1.900
 35081   -77974.000        3.000
 35082   -77496.000        3.000
 35083   -79009.000        5.000
 35084   -77780.000       30.000
 35085   -78611.000       20.000
 35086   -75640.000       11.000
 35087   -73857.000       18.000
 35088   -70730.000       40.000
 35089   -68570.000       60.000
 35090   -64610.000       80.000
 35091   -61510.000       80.000
 35092   -56580.000       50.000
 35093   -53000.000      300.000
 35094   -47800.000      400.000
 36069   -32300.000      500.000
 36070   -41000.000      400.000
 36071   -46100.000      300.000
 36072   -54100.000      300.000
 36073   -56890.000      140.000
 36074   -62170.000       60.000
 36075   -64242.000       16.000
 36076   -68979.000       11.000
 36077   -70171.000        9.000
 36078   -74160.000        7.000
 36079   -74442.000        4.000
 36080   -77893.000        4.000
 36081   -77694.000        3.000
 36082   -80589.000        3.000
 36083   -79982.000        4.000
 36084   -82431.000        3.000
 36085   -81481.000        3.000
 36086   -83265.900        1.100
 36087   -80710.000        1.400
 36088   -79692.000       14.000
 36089   -76720.000       60.000
 36090   -74963.000       19.000
 36091   -71310.000       60.000
 36092   -68788.000       12.000
 36093   -64030.000      100.000
 36094   -61100.000      300.000
 36095   -56000.000      400.000
 36096   -53000.000      500.000
 36097   -47900.000      500.000
 37071   -32300.000      500.000
 37072   -38100.000      500.000
 37073   -46200.000      500.000
 37074   -51700.000      800.000
 37075   -57222.000        8.000
 37076   -60481.000        8.000
 37077   -64826.000        8.000
 37078   -66936.000        8.000
 37079   -70797.000        7.000
 37080   -72173.000        8.000
 37081   -75456.000        7.000
 37082   -76189.000        7.000
 37083   -79073.000        6.000
 37084   -79750.000        4.000
 37085   -82167.700        2.400
 37086   -82747.300        2.400
 37087   -84595.000        2.500
 37088   -82606.000        5.000
 37089   -81711.000        6.000
 37090   -79355.000        8.000
 37091   -77748.000        9.000
 37092   -74775.000        7.000
 37093   -72626.000        8.000
 37094   -68551.000        9.000
 37095   -65839.000       20.000
 37096   -61210.000       30.000
 37097   -58360.000       30.000
 37098   -54300.000       40.000
 37099   -50840.000      160.000
 37100   -46700.000      300.000
 37101   -43600.000      170.000
 37102   -38000.000      500.000
 38073   -31700.000      600.000
 38074   -40700.000      500.000
 38075   -46600.000      300.000
 38076   -54400.000      300.000
 38077   -57970.000      150.000
 38078   -63175.000        8.000
 38079   -65477.000        9.000
 38080   -70305.000        8.000
 38081   -71527.000        8.000
 38082   -76009.000        6.000
 38083   -76797.000        9.000
 38084   -80644.000        4.000
 38085   -81103.000        4.000
 38086   -84521.600        2.200
 38087   -84878.400        2.200
 38088   -87919.700        2.200
 38089   -86207.100        2.300
 38090   -85942.000        3.000
 38091   -83639.000        6.000
 38092   -82875.000        7.000
 38093   -80088.000        8.000
 38094   -78842.000        8.000
 38095   -75117.000        8.000
 38096   -72954.000       25.000
 38097   -68792.000       19.000
 38098   -66630.000       30.000
 38099   -62120.000      140.000
 38100   -60220.000      130.000
 38101   -55410.000      130.000
 38102   -53080.000      120.000
 38103   -47600.000      500.000
 38104   -44400.000      700.000
 39077   -46900.000      300.000
 39078   -52600.000      400.000
 39079   -58400.000      500.000
 39080   -61200.000      400.000
 39081   -66020.000       70.000
 39082   -68190.000      110.000
 39083   -72330.000       50.000
 39084   -74160.000      100.000
 39085   -77850.000       30.000
 39086   -79282.000       15.000
 39087   -83017.000        3.000
 39088   -84297.000        3.000
 39089   -87702.100        2.400
 39090   -86487.900        2.400
 39091   -86346.000        3.000
 39092   -84815.000       10.000
 39093   -84224.000       11.000
 39094   -82350.000        8.000
 39095   -81204.000        8.000
 39096   -78341.000       22.000
 39097   -76260.000       12.000
 39098   -72452.000       24.000
 39099   -70202.000       25.000
 39100   -67290.000       80.000
 39101   -64910.000      100.000
 39102   -61890.000       90.000
 39103   -58700.000      300.000
 39104   -54500.000      400.000
 39105   -51100.000      500.000
 39106   -46400.000      700.000
 40079   -47400.000      400.000
 40080   -55400.000      300.000
 40081   -58900.000      300.000
 40082   -64200.000      600.000
 40083   -66460.000      100.000
 40084   -71490.000      200.000
 40085   -73150.000      110.000
 40086   -77810.000       30.000
 40087   -79348.000        9.000
 40088   -83624.000       11.000
 40089   -84869.000        4.000
 40090   -88767.900        2.200
 40091   -87891.100        2.200
 40092   -88454.600        2.200
 40093   -87117.400        2.200
 40094   -87266.300        2.400
 40095   -85657.600        2.400
 40096   -85441.000        4.000
 40097   -82949.000        3.000
 40098   -81276.000       20.000
 40099   -77769.000       20.000
 40100   -76600.000       40.000
 40101   -73460.000       40.000
 40102   -71740.000       50.000
 40103   -68370.000      110.000
 40104   -66300.000      400.000
 40105   -62400.000      400.000
 40106   -59700.000      500.000
 40107   -55100.000      600.000
 40108   -51900.000      700.000
 41081   -47500.000      400.000
 41082   -53000.000      300.000
 41083   -59000.000      400.000
 41084   -61900.000      300.000
 41085   -67150.000      230.000
 41086   -69830.000       90.000
 41087   -74180.000       60.000
 41088   -76420.000      200.000
 41089   -80580.000       40.000
 41090   -82657.000        5.000
 41091   -86638.000        4.000
 41092   -86449.000        3.000
 41093   -87208.700        2.300
 41094   -86364.900        2.300
 41095   -86782.500        1.900
 41096   -85604.000        4.000
 41097   -85607.000        3.000
 41098   -83526.000        6.000
 41099   -82327.000       14.000
 41100   -79940.000       30.000
 41101   -78943.000       19.000
 41102   -76350.000       40.000
 41103   -75320.000       70.000
 41104   -72230.000      110.000
 41105   -70850.000      100.000
 41106   -66900.000      300.000
 41107   -64900.000      400.000
 41108   -60500.000      500.000
 41109   -58100.000      500.000
 41110   -53400.000      600.000
 42083   -47700.000      500.000
 42084   -55800.000      400.000
 42085   -59100.000      400.000
 42086   -64600.000      500.000
 42087   -67690.000      230.000
 42088   -72701.000       21.000
 42089   -75003.000       16.000
 42090   -80168.000        6.000
 42091   -82204.000       12.000
 42092   -86805.000        4.000
 42093   -86804.000        4.000
 42094   -88410.300        1.900
 42095   -87708.100        1.900
 42096   -88791.000        1.900
 42097   -87540.800        1.900
 42098   -88112.000        1.900
 42099   -85966.100        1.900
 42100   -86184.000        6.000
 42101   -83512.000        6.000
 42102   -83558.000       21.000
 42103   -80850.000       60.000
 42104   -80330.000       60.000
 42105   -77340.000       80.000
 42106   -76257.000       22.000
 42107   -72940.000      170.000
 42108   -71190.000      200.000
 42109   -67200.000      300.000
 42110   -65500.000      400.000
 42111   -61000.000      500.000
 42112   -58800.000      600.000
 42113   -54000.000      600.000
 43085   -47600.000      500.000
 43086   -53200.000      300.000
 43087   -59100.000      300.000
 43088   -62600.000      300.000
 43089   -67490.000      210.000
 43090   -71210.000      250.000
 43091   -75980.000      200.000
 43092   -78940.000       30.000
 43093   -83603.000        4.000
 43094   -84155.000        5.000
 43095   -86017.000        6.000
 43096   -85818.000        6.000
 43097   -87221.000        5.000
 43098   -86428.000        4.000
 43099   -87323.300        2.000
 43100   -86016.400        2.200
 43101   -86336.000       25.000
 43102   -84568.000       10.000
 43103   -84599.000       11.000
 43104   -82490.000       50.000
 43105   -82290.000       60.000
 43106   -79777.000       14.000
 43107   -79100.000      150.000
 43108   -75940.000      130.000
 43109   -74870.000      220.000
 43110   -71400.000      400.000
 43111   -69800.000      400.000
 43112   -65900.000      500.000
 43113   -64000.000      600.000
 43114   -59700.000      600.000
 43115   -57500.000      700.000
 44087   -47300.000      600.000
 44088   -55500.000      500.000
 44089   -59500.000      500.000
 44090   -65400.000      400.000
 44091   -68600.000      500.000
 44092   -74400.000      300.000
 44093   -77270.000       90.000
 44094   -82568.000       13.000
 44095   -83450.000       12.000
 44096   -86072.000        8.000
 44097   -86112.000        9.000
 44098   -88224.000        7.000
 44099   -87617.000        2.000
 44100   -89218.800        2.000
 44101   -87949.600        2.100
 44102   -89097.900        2.100
 44103   -87258.900        2.100
 44104   -88091.000        4.000
 44105   -85930.000        4.000
 44106   -86324.000        8.000
 44107   -83920.000      130.000
 44108   -83660.000      120.000
 44109   -80850.000       70.000
 44110   -80140.000      230.000
 44111   -76800.000      300.000
 44112   -75900.000      600.000
 44113   -72200.000      500.000
 44114   -70800.000      400.000
 44115   -66800.000      600.000
 44116   -65100.000      700.000
 44117   -60700.000      800.000
 44118   -58700.000      900.000
 45089   -47200.000      500.000
 45090   -53200.000      500.000
 45091   -59100.000      400.000
 45092   -63400.000      400.000
 45093   -69200.000      400.000
 45094   -72900.000      500.000
 45095   -78340.000      150.000
 45096   -79626.000       13.000
 45097   -82590.000       40.000
 45098   -83167.000       12.000
 45099   -85574.000        8.000
 45100   -85589.000       21.000
 45101   -87408.000       18.000
 45102   -86775.000        5.000
 45103   -88022.000        3.000
 45104   -86950.000        3.000
 45105   -87847.000        5.000
 45106   -86364.000        8.000
 45107   -86861.000       12.000
 45108   -85020.000      110.000
 45109   -85012.000       12.000
 45110   -82950.000      230.000
 45111   -82290.000      210.000
 45112   -79500.000      500.000
 45113   -78800.000      400.000
 45114   -75600.000      300.000
 45115   -74400.000      500.000
 45116   -71100.000      500.000
 45117   -69500.000      600.000
 45118   -65700.000      700.000
 45119   -63900.000      800.000
 45120   -59800.000      800.000
 45121   -57700.000      900.000
 46091   -47100.000      600.000
 46092   -55500.000      500.000
 46093   -59700.000      400.000
 46094   -66400.000      400.000
 46095   -70200.000      400.000
 46096   -76180.000      150.000
 46097   -77800.000      300.000
 46098   -81300.000       22.000
 46099   -82188.000       16.000
 46100   -85227.000       12.000
 46101   -85428.000       18.000
 46102   -87926.000        4.000
 46103   -87479.000        3.000
 46104   -89391.000        5.000
 46105   -88414.000        5.000
 46106   -89905.000        5.000
 46107   -88372.000        7.000
 46108   -89522.000        4.000
 46109   -87604.000        4.000
 46110   -88350.000       11.000
 46111   -86030.000       40.000
 46112   -86337.000       18.000
 46113   -83690.000       40.000
 46114   -83494.000       25.000
 46115   -80400.000       60.000
 46116   -79960.000       60.000
 46117   -76500.000      300.000
 46118   -75470.000      210.000
 46119   -72000.000      300.000
 46120   -70800.000      400.000
 46121   -66900.000      500.000
 46122   -65400.000      500.000
 46123   -61200.000      600.000
 47095   -60100.000      400.000
 47096   -64600.000      400.000
 47097   -70800.000      400.000
 47098   -72880.000      160.000
 47099   -76760.000      150.000
 47100   -78180.000       80.000
 47101   -81220.000      110.000
 47102   -81970.000       70.000
 47103   -84792.000       17.000
 47104   -85112.000        7.000
 47105   -87068.000       11.000
 47106   -86940.000        6.000
 47107   -88405.000        6.000
 47108   -87604.000        6.000
 47109   -88720.000        4.000
 47110   -87458.000        4.000
 47111   -88217.000        4.000
 47112   -86625.000       17.000
 47113   -87033.000       17.000
 47114   -84940.000       30.000
 47115   -84990.000       40.000
 47116   -82570.000       50.000
 47117   -82270.000       50.000
 47118   -79570.000       70.000
 47119   -78560.000       90.000
 47120   -75650.000       80.000
 47121   -74660.000      150.000
 47122   -71430.000      210.000
 47123   -70000.000      300.000
 47124   -66600.000      400.000
 47125   -64700.000      400.000
 47126   -61000.000      400.000
 47127   -58800.000      500.000
 48096   -56100.000      500.000
 48097   -60600.000      400.000
 48098   -67460.000      210.000
 48099   -69850.000      210.000
 48100   -74310.000      100.000
 48101   -75750.000      150.000
 48102   -79380.000       70.000
 48103   -80650.000       16.000
 48104   -83976.000       10.000
 48105   -84330.000       12.000
 48106   -87134.000        6.000
 48107   -86988.000        7.000
 48108   -89253.000        6.000
 48109   -88505.000        4.000
 48110   -90350.000        3.000
 48111   -89254.000        3.000
 48112   -90581.000        3.000
 48113   -89050.000        3.000
 48114   -90021.000        3.000
 48115   -88091.000        3.000
 48116   -88720.000        4.000
 48117   -86426.000        4.000
 48118   -86709.000       21.000
 48119   -83910.000       80.000
 48120   -83973.000       19.000
 48121   -81060.000       90.000
 48122   -80570.000      210.000
 48123   -77310.000       40.000
 48124   -76710.000       70.000
 48125   -73360.000       70.000
 48126   -72330.000       60.000
 48127   -68530.000       80.000
 48128   -67300.000      300.000
 48129   -63100.000      400.000
 48130   -61500.000      400.000
 49098   -53800.000      500.000
 49099   -60900.000      500.000
 49100   -64100.000      400.000
 49101   -68400.000      300.000
 49102   -70100.000      400.000
 49103   -74600.000       30.000
 49104   -76070.000      150.000
 49105   -79481.000       18.000
 49106   -80610.000       14.000
 49107   -83562.000       13.000
 49108   -84100.000       40.000
 49109   -86485.000        6.000
 49110   -86472.000       12.000
 49111   -88389.000        6.000
 49112   -87995.000        6.000
 49113   -89366.000        4.000
 49114   -88569.000        4.000
 49115   -89537.000        5.000
 49116   -88250.000        5.000
 49117   -88943.000        6.000
 49118   -87230.000        9.000
 49119   -87704.000        8.000
 49120   -85730.000       40.000
 49121   -85840.000       30.000
 49122   -83580.000       50.000
 49123   -83426.000       25.000
 49124   -80880.000       50.000
 49125   -80480.000       30.000
 49126   -77810.000       40.000
 49127   -76990.000       40.000
 49128   -74360.000       50.000
 49129   -72980.000      130.000
 49130   -70000.000       50.000
 49131   -68220.000       80.000
 49132   -62490.000       70.000
 49133   -57400.000      400.000
 49134   -51500.000      500.000
 50100   -56900.000      500.000
 50101   -59600.000      500.000
 50102   -64700.000      400.000
 50103   -66900.000      300.000
 50104   -71550.000      160.000
 50105   -73220.000       90.000
 50106   -77430.000       50.000
 50107   -78560.000       90.000
 50108   -82000.000       50.000
 50109   -82636.000       10.000
 50110   -85835.000       16.000
 50111   -85944.000        7.000
 50112   -88659.000        5.000
 50113   -88330.000        4.000
 50114   -90558.000        4.000
 50115   -90033.000        3.000
 50116   -91525.000        3.000
 50117   -90398.000        3.000
 50118   -91653.000        3.000
 50119   -90067.000        3.000
 50120   -91103.000        3.000
 50121   -89202.800        2.500
 50122   -89945.000        3.000
 50123   -87819.000        3.000
 50124   -88236.100        1.400
 50125   -85897.800        1.500
 50126   -86020.000       11.000
 50127   -83508.000       25.000
 50128   -83340.000       30.000
 50129   -80630.000      130.000
 50130   -80250.000       30.000
 50131   -77390.000       80.000
 50132   -76620.000       30.000
 50133   -70970.000       80.000
 50134   -66640.000      110.000
 50135   -60800.000      400.000
 50136   -56500.000      500.000
 50137   -50500.000      600.000
 51103   -55800.000      500.000
 51104   -59300.000      400.000
 51105   -63780.000      160.000
 51106   -66400.000      400.000
 51107   -70700.000      300.000
 51108   -72510.000      210.000
 51109   -76256.000       19.000
 51110   -77540.000      210.000
 51111   -80840.000      200.000
 51112   -81604.000       24.000
 51113   -84414.000       22.000
 51114   -84680.000      210.000
 51115   -87003.000       21.000
 51116   -86818.000        6.000
 51117   -88641.000       10.000
 51118   -87996.000        5.000
 51119   -89473.000        9.000
 51120   -88423.000        8.000
 51121   -89592.900        2.300
 51122   -88328.500        2.300
 51123   -89222.500        2.000
 51124   -87618.600        2.000
 51125   -88261.000        3.000
 51126   -86400.000       40.000
 51127   -86709.000        6.000
 51128   -84610.000       30.000
 51129   -84626.000       22.000
 51130   -82390.000       30.000
 51131   -82020.000       70.000
 51132   -79724.000       23.000
 51133   -78960.000       80.000
 51134   -74010.000       60.000
 51135   -69710.000      110.000
 51136   -64600.000      300.000
 51137   -60300.000      400.000
 51138   -55000.000      500.000
 51139   -50600.000      600.000
 52106   -58000.000      400.000
 52107   -60500.000      300.000
 52108   -65680.000      160.000
 52109   -67570.000       80.000
 52110   -72280.000       60.000
 52111   -73480.000       80.000
 52112   -77260.000      170.000
 52113   -78310.000      210.000
 52114   -81920.000      200.000
 52115   -82360.000      110.000
 52116   -85310.000      100.000
 52117   -85107.000       19.000
 52118   -87723.000       16.000
 52119   -87180.000        9.000
 52120   -89405.000       11.000
 52121   -88560.000       30.000
 52122   -90311.100        1.900
 52123   -89169.200        1.800
 52124   -90523.100        1.500
 52125   -89027.800        1.900
 52126   -90070.300        1.900
 52127   -88290.000        4.000
 52128   -88993.600        1.800
 52129   -87006.000        3.000
 52130   -87352.900        2.000
 52131   -85211.300        2.000
 52132   -85210.000       12.000
 52133   -82960.000       80.000
 52134   -82400.000       40.000
 52135   -77830.000      100.000
 52136   -74420.000       50.000
 52137   -69560.000      130.000
 52138   -65930.000      210.000
 52139   -60800.000      400.000
 52140   -57100.000      500.000
 52141   -51800.000      500.000
 52142   -48000.000      600.000
 53108   -52800.000      400.000
 53109   -57570.000      160.000
 53110   -60300.000      300.000
 53111   -64900.000      300.000
 53112   -67100.000      220.000
 53113   -71120.000       60.000
 53114   -72800.000      300.000
 53115   -76500.000      500.000
 53116   -77560.000      150.000
 53117   -80440.000       80.000
 53118   -80690.000       80.000
 53119   -83670.000       70.000
 53120   -83790.000       19.000
 53121   -86288.000       12.000
 53122   -86077.000        6.000
 53123   -87935.000        4.000
 53124   -87363.500        2.400
 53125   -88842.000        1.900
 53126   -87915.000        4.000
 53127   -88987.000        4.000
 53128   -87742.000        4.000
 53129   -88504.000        4.000
 53130   -86933.000        4.000
 53131   -87444.800        1.200
 53132   -85703.000       11.000
 53133   -85880.000       30.000
 53134   -83949.000       15.000
 53135   -83788.000       24.000
 53136   -79500.000       50.000
 53137   -76500.000       30.000
 53138   -72300.000       80.000
 53139   -68840.000       40.000
 53140   -64080.000      220.000
 53141   -60700.000      300.000
 53142   -55700.000      400.000
 53143   -52100.000      400.000
 53144   -46900.000      500.000
 54110   -51700.000      400.000
 54111   -54400.000      300.000
 54112   -59930.000      160.000
 54113   -62050.000       90.000
 54114   -66930.000      210.000
 54115   -68430.000      240.000
 54116   -72900.000      250.000
 54117   -73990.000      180.000
 54118   -77700.000     1000.000
 54119   -78660.000      130.000
 54120   -81830.000       50.000
 54121   -82543.000       25.000
 54122   -85190.000       90.000
 54123   -85259.000       16.000
 54124   -87657.500        2.000
 54125   -87189.500        2.000
 54126   -89173.000        7.000
 54127   -88325.000        5.000
 54128   -89860.800        1.500
 54129   -88697.400        0.900
 54130   -89881.800        0.900
 54131   -88415.600        1.000
 54132   -89279.500        1.200
 54133   -87648.000        4.000
 54134   -88124.400        0.900
 54135   -86436.000       10.000
 54136   -86424.000        8.000
 54137   -82379.000        8.000
 54138   -80120.000       40.000
 54139   -75650.000       22.000
 54140   -73000.000       60.000
 54141   -68330.000       90.000
 54142   -65480.000      100.000
 54143   -60650.000      230.000
 54144   -57500.000      400.000
 54145   -52500.000      400.000
 54146   -49100.000      400.000
 54147   -43800.000      500.000
 55112   -46300.000      300.000
 55113   -51660.000      160.000
 55114   -54600.000      300.000
 55115   -59700.000      500.000
 55116   -62500.000      400.000
 55117   -66470.000       60.000
 55118   -68414.000       13.000
 55119   -72311.000       14.000
 55120   -73888.000       10.000
 55121   -77143.000       15.000
 55122   -78132.000       17.000
 55123   -81049.000       13.000
 55124   -81743.000       12.000
 55125   -84091.000        8.000
 55126   -84349.000       13.000
 55127   -86240.000        9.000
 55128   -85932.000        6.000
 55129   -87501.000        5.000
 55130   -86903.000        9.000
 55131   -88063.000        6.000
 55132   -87160.000        4.000
 55133   -88076.000        3.000
 55134   -86896.000        3.000
 55135   -87587.000        4.000
 55136   -86344.000        4.000
 55137   -86551.000        3.000
 55138   -82893.000       10.000
 55139   -80707.000        5.000
 55140   -77056.000        9.000
 55141   -74479.000       11.000
 55142   -70521.000       11.000
 55143   -67691.000       23.000
 55144   -63320.000       30.000
 55145   -60190.000       50.000
 55146   -55740.000       80.000
 55147   -52290.000      150.000
 55148   -47600.000      600.000
 55149   -44000.000      300.000
 55150   -39200.000      500.000
 55151   -35400.000      700.000
 56114   -45700.000      500.000
 56115   -48700.000      600.000
 56116   -54300.000      500.000
 56117   -57000.000      700.000
 56118   -62000.000      500.000
 56119   -64200.000     1100.000
 56120   -68900.000      300.000
 56121   -70300.000      300.000
 56122   -74300.000      300.000
 56123   -75600.000      300.000
 56124   -79095.000       15.000
 56125   -79500.000      300.000
 56126   -82676.000       15.000
 56127   -82790.000      100.000
 56128   -85410.000       12.000
 56129   -85070.000       12.000
 56130   -87271.000        7.000
 56131   -86693.000        7.000
 56132   -88440.000        4.000
 56133   -87558.000        4.000
 56134   -88955.000        3.000
 56135   -87856.000        3.000
 56136   -88892.000        3.000
 56137   -87727.000        3.000
 56138   -88267.000        3.000
 56139   -84919.000        3.000
 56140   -83276.000        9.000
 56141   -79730.000        9.000
 56142   -77828.000        7.000
 56143   -73945.000       14.000
 56144   -71780.000       14.000
 56145   -68070.000       60.000
 56146   -65110.000       80.000
 56147   -61490.000      100.000
 56148   -58050.000      140.000
 56149   -53600.000      400.000
 56150   -50700.000      500.000
 56151   -45900.000      600.000
 56152   -42700.000      700.000
 56153   -37600.000      900.000
 57117   -46600.000      900.000
 57118   -49800.000      800.000
 57119   -55000.000      700.000
 57120   -57700.000      600.000
 57121   -62400.000      500.000
 57122   -64500.000      500.000
 57123   -68700.000      400.000
 57124   -70300.000      300.000
 57125   -73900.000      300.000
 57126   -75100.000      300.000
 57127   -78100.000      230.000
 57128   -78800.000      400.000
 57129   -81350.000       60.000
 57130   -81670.000      210.000
 57131   -83730.000      100.000
 57132   -83730.000       50.000
 57133   -85330.000      200.000
 57134   -85240.000       30.000
 57135   -86656.000       11.000
 57136   -86020.000       70.000
 57137   -87130.000       50.000
 57138   -86529.000        5.000
 57139   -87236.000        4.000
 57140   -84326.000        4.000
 57141   -82943.000        5.000
 57142   -80039.000        6.000
 57143   -78191.000       16.000
 57144   -74900.000       60.000
 57145   -72990.000       70.000
 57146   -69210.000       80.000
 57147   -67240.000       80.000
 57148   -63160.000      130.000
 57149   -61100.000      300.000
 57150   -57200.000      400.000
 57151   -54400.000      500.000
 57152   -50200.000      600.000
 57153   -47100.000      700.000
 57154   -42500.000      800.000
 57155   -39000.000      900.000
 58119   -44000.000      900.000
 58120   -49700.000      800.000
 58121   -52500.000      700.000
 58122   -57700.000      600.000
 58123   -60100.000      500.000
 58124   -64700.000      500.000
 58125   -66600.000      400.000
 58126   -70700.000      400.000
 58127   -72000.000      300.000
 58128   -75600.000      300.000
 58129   -76300.000      210.000
 58130   -79500.000      700.000
 58131   -79700.000      500.000
 58132   -82450.000      200.000
 58133   -82390.000      200.000
 58134   -84740.000      210.000
 58135   -84630.000       12.000
 58136   -86500.000       50.000
 58137   -85900.000       50.000
 58138   -87574.000       11.000
 58139   -86958.000        8.000
 58140   -88088.000        3.000
 58141   -85445.000        3.000
 58142   -84543.000        4.000
 58143   -81616.000        4.000
 58144   -80441.000        4.000
 58145   -77100.000       40.000
 58146   -75740.000       70.000
 58147   -72180.000       60.000
 58148   -70430.000      120.000
 58149   -66800.000       80.000
 58150   -64990.000      120.000
 58151   -61400.000      300.000
 58152   -59300.000      400.000
 58153   -55300.000      500.000
 58154   -52800.000      600.000
 58155   -48400.000      700.000
 58156   -45400.000      800.000
 58157   -40700.000      900.000
 59121   -41600.000      800.000
 59122   -45000.000      800.000
 59123   -50300.000      700.000
 59124   -53100.000      600.000
 59125   -57900.000      500.000
 59126   -60300.000      500.000
 59127   -64400.000      400.000
 59128   -66300.000      400.000
 59129   -70000.000      300.000
 59130   -71400.000      300.000
 59131   -74500.000      500.000
 59132   -75340.000      200.000
 59133   -78060.000      200.000
 59134   -78600.000      300.000
 59135   -80910.000      150.000
 59136   -81370.000       60.000
 59137   -83200.000       50.000
 59138   -83137.000       15.000
 59139   -84829.000        9.000
 59140   -84700.000        7.000
 59141   -86026.000        3.000
 59142   -83797.000        3.000
 59143   -83078.000        3.000
 59144   -80760.000        4.000
 59145   -79636.000        8.000
 59146   -76770.000       60.000
 59147   -75470.000       40.000
 59148   -72490.000       90.000
 59149   -70988.000       11.000
 59150   -68000.000       80.000
 59151   -66860.000       40.000
 59152   -63700.000      300.000
 59153   -61800.000      300.000
 59154   -58300.000      400.000
 59155   -55900.000      500.000
 59156   -52100.000      600.000
 59157   -49200.000      700.000
 59158   -44900.000      800.000
 59159   -41700.000      900.000
 60126   -53000.000      700.000
 60127   -55400.000      600.000
 60128   -60200.000      600.000
 60129   -62200.000      400.000
 60130   -66300.000      500.000
 60131   -67900.000      500.000
 60132   -71600.000      300.000
 60133   -72500.000      300.000
 60134   -75800.000      400.000
 60135   -76160.000      210.000
 60136   -79160.000       60.000
 60137   -79510.000       80.000
 60138   -82040.000      210.000
 60139   -82040.000       50.000
 60140   -84477.000       20.000
 60141   -84203.000        5.000
 60142   -85960.000        3.000
 60143   -84012.000        3.000
 60144   -83757.000        3.000
 60145   -81442.000        3.000
 60146   -80936.000        3.000
 60147   -78156.000        3.000
 60148   -77418.000        4.000
 60149   -74385.000        4.000
 60150   -73694.000        4.000
 60151   -70957.000        4.000
 60152   -70160.000       30.000
 60153   -67350.000       30.000
 60154   -65690.000      120.000
 60155   -62760.000      160.000
 60156   -60400.000      400.000
 60157   -56600.000      500.000
 60158   -54100.000      600.000
 60159   -49900.000      700.000
 60160   -47100.000      800.000
 60161   -42500.000      900.000
 61128   -48200.000      900.000
 61129   -52900.000      800.000
 61130   -55500.000      700.000
 61131   -59800.000      600.000
 61132   -61700.000      500.000
 61133   -65500.000      500.000
 61134   -66600.000      400.000
 61135   -70200.000      400.000
 61136   -71310.000      210.000
 61137   -73860.000      140.000
 61138   -75000.000      400.000
 61139   -77540.000       60.000
 61140   -78430.000       30.000
 61141   -80470.000       30.000
 61142   -81090.000       50.000
 61143   -82970.000        4.000
 61144   -81426.000        4.000
 61145   -81279.000        4.000
 61146   -79464.000        5.000
 61147   -79052.000        3.000
 61148   -76878.000        7.000
 61149   -76076.000        5.000
 61150   -73607.000       21.000
 61151   -73399.000        6.000
 61152   -71270.000       80.000
 61153   -70688.000       12.000
 61154   -68420.000       80.000
 61155   -66980.000       30.000
 61156   -64220.000       40.000
 61157   -62200.000      300.000
 61158   -59000.000      400.000
 61159   -56700.000      500.000
 61160   -53100.000      600.000
 61161   -50400.000      700.000
 61162   -46300.000      800.000
 61163   -43300.000      900.000
 62130   -47900.000      900.000
 62131   -50400.000      900.000
 62132   -55100.000      700.000
 62133   -57100.000      600.000
 62134   -61500.000      500.000
 62135   -63000.000      500.000
 62136   -66800.000      400.000
 62137   -67960.000      120.000
 62138   -71200.000      300.000
 62139   -72375.000       15.000
 62140   -75459.000       15.000
 62141   -75946.000       13.000
 62142   -78997.000       11.000
 62143   -79528.000        4.000
 62144   -81976.000        4.000
 62145   -80662.000        4.000
 62146   -81006.000        4.000
 62147   -79276.000        3.000
 62148   -79347.000        3.000
 62149   -77147.000        3.000
 62150   -77061.000        3.000
 62151   -74586.000        3.000
 62152   -74773.000        3.000
 62153   -72569.000        3.000
 62154   -72465.000        3.000
 62155   -70201.000        3.000
 62156   -69372.000       10.000
 62157   -66740.000       50.000
 62158   -65220.000       80.000
 62159   -62200.000      300.000
 62160   -60400.000      400.000
 62161   -57000.000      500.000
 62162   -54800.000      600.000
 62163   -50900.000      700.000
 62164   -48200.000      800.000
 62165   -43800.000      900.000
 63132   -42700.000      900.000
 63133   -47600.000      900.000
 63134   -50000.000      700.000
 63135   -54300.000      600.000
 63136   -56400.000      500.000
 63137   -60400.000      500.000
 63138   -62000.000      400.000
 63139   -65360.000      160.000
 63140   -66990.000       60.000
 63141   -69970.000       30.000
 63142   -71350.000       30.000
 63143   -74253.000       14.000
 63144   -75661.000       18.000
 63145   -78002.000        5.000
 63146   -77128.000        8.000
 63147   -77555.000        4.000
 63148   -76239.000       18.000
 63149   -76452.000        5.000
 63150   -74801.000        7.000
 63151   -74663.000        3.000
 63152   -72898.000        3.000
 63153   -73377.000        3.000
 63154   -71748.000        3.000
 63155   -71828.000        3.000
 63156   -70094.000        6.000
 63157   -69471.000        7.000
 63158   -67210.000       80.000
 63159   -66057.000        8.000
 63160   -63370.000      200.000
 63161   -61800.000      300.000
 63162   -58600.000      400.000
 63163   -56600.000      500.000
 63164   -53100.000      600.000
 63165   -50600.000      700.000
 63166   -46600.000      800.000
 63167   -43700.000      900.000
 64136   -49300.000      700.000
 64137   -51600.000      600.000
 64138   -55900.000      500.000
 64139   -57700.000      500.000
 64140   -61500.000      400.000
 64141   -63100.000      300.000
 64142   -66900.000      300.000
 64143   -68240.000      200.000
 64144   -71920.000      210.000
 64145   -72950.000       40.000
 64146   -76098.000        6.000
 64147   -75368.000        4.000
 64148   -76280.000        4.000
 64149   -75138.000        5.000
 64150   -75772.000        7.000
 64151   -74199.000        4.000
 64152   -74717.000        3.000
 64153   -72893.000        3.000
 64154   -73716.000        3.000
 64155   -72080.000        3.000
 64156   -72545.000        3.000
 64157   -70834.000        3.000
 64158   -70700.000        3.000
 64159   -68572.000        3.000
 64160   -67952.000        3.000
 64161   -65516.000        4.000
 64162   -64291.000        5.000
 64163   -61500.000      300.000
 64164   -59700.000      400.000
 64165   -56500.000      500.000
 64166   -54400.000      600.000
 64167   -50700.000      600.000
 64168   -48100.000      700.000
 64169   -43900.000      800.000
 65138   -43900.000      800.000
 65139   -48400.000      700.000
 65140   -50700.000      900.000
 65141   -54800.000      600.000
 65142   -57000.000      800.000
 65143   -60800.000      400.000
 65144   -62800.000      300.000
 65145   -66250.000      230.000
 65146   -67830.000       50.000
 65147   -70759.000       12.000
 65148   -70520.000       30.000
 65149   -71500.000        5.000
 65150   -71116.000        9.000
 65151   -71634.000        5.000
 65152   -70730.000       40.000
 65153   -71324.000        5.000
 65154   -70150.000       50.000
 65155   -71259.000       13.000
 65156   -70101.000        5.000
 65157   -70774.000        3.000
 65158   -69480.000        3.000
 65159   -69542.000        3.000
 65160   -67846.000        3.000
 65161   -67472.000        3.000
 65162   -65680.000       40.000
 65163   -64605.000        5.000
 65164   -62090.000      100.000
 65165   -60660.000      200.000
 65166   -57700.000      300.000
 65167   -55800.000      400.000
 65168   -52500.000      500.000
 65169   -50100.000      600.000
 65170   -46300.000      700.000
 65171   -43500.000      800.000
 66140   -43000.000      900.000
 66141   -45500.000      700.000
 66142   -50100.000      800.000
 66143   -52300.000      500.000
 66144   -56800.000      400.000
 66145   -58700.000      300.000
 66146   -62670.000      110.000
 66147   -64390.000       60.000
 66148   -67830.000       40.000
 66149   -67688.000       11.000
 66150   -69322.000        6.000
 66151   -68763.000        5.000
 66152   -70129.000        6.000
 66153   -69153.000        5.000
 66154   -70400.000        9.000
 66155   -69164.000       12.000
 66156   -70534.000        7.000
 66157   -69432.000        7.000
 66158   -70417.000        4.000
 66159   -69177.000        4.000
 66160   -69682.000        3.000
 66161   -68065.000        3.000
 66162   -68190.000        3.000
 66163   -66390.000        3.000
 66164   -65977.000        3.000
 66165   -63621.000        3.000
 66166   -62593.000        3.000
 66167   -59940.000       60.000
 66168   -58500.000      300.000
 66169   -55600.000      300.000
 66170   -53400.000      400.000
 66171   -49900.000      500.000
 66172   -47400.000      600.000
 66173   -43400.000      700.000
 67142   -37400.000     1000.000
 67143   -42200.000      700.000
 67144   -45000.000      600.000
 67145   -49500.000      600.000
 67146   -52100.000      500.000
 67147   -56000.000      400.000
 67148   -58400.000      300.000
 67149   -61674.000       22.000
 67150   -62080.000      100.000
 67151   -63639.000       13.000
 67152   -63580.000       30.000
 67153   -65023.000        6.000
 67154   -64649.000        9.000
 67155   -66062.000       24.000
 67156   -65470.000      200.000
 67157   -66890.000       50.000
 67158   -66190.000       30.000
 67159   -67339.000        5.000
 67160   -66392.000       16.000
 67161   -67206.000        4.000
 67162   -66050.000        5.000
 67163   -66387.000        3.000
 67164   -64990.000        4.000
 67165   -64907.000        3.000
 67166   -63080.000        3.000
 67167   -62293.000        6.000
 67168   -60080.000       30.000
 67169   -58807.000       21.000
 67170   -56250.000       50.000
 67171   -54500.000      600.000
 67172   -51400.000      400.000
 67173   -49100.000      400.000
 67174   -45500.000      500.000
 67175   -42800.000      600.000
 68144   -36700.000      800.000
 68145   -39600.000      700.000
 68146   -44600.000      600.000
 68147   -47200.000      500.000
 68148   -51800.000      400.000
 68149   -53900.000      500.000
 68150   -57970.000      110.000
 68151   -58300.000      300.000
 68152   -60470.000       40.000
 68153   -60460.000       12.000
 68154   -62618.000        6.000
 68155   -62220.000       50.000
 68156   -64260.000       80.000
 68157   -63390.000       80.000
 68158   -65290.000      110.000
 68159   -64570.000        5.000
 68160   -66060.000       60.000
 68161   -65203.000       10.000
 68162   -66346.000        4.000
 68163   -65177.000        6.000
 68164   -65953.000        4.000
 68165   -64531.000        4.000
 68166   -64934.000        3.000
 68167   -63299.000        3.000
 68168   -62999.000        3.000
 68169   -60931.000        3.000
 68170   -60118.000        3.000
 68171   -57729.000        4.000
 68172   -56493.000        5.000
 68173   -53650.000      200.000
 68174   -51800.000      300.000
 68175   -48500.000      400.000
 68176   -46300.000      400.000
 68177   -42500.000      600.000
 69146   -31200.000      700.000
 69147   -36300.000      600.000
 69148   -39500.000      700.000
 69149   -44100.000      600.000
 69150   -46900.000      500.000
 69151   -50830.000      140.000
 69152   -51900.000      300.000
 69153   -54001.000       22.000
 69154   -54560.000      120.000
 69155   -56643.000       14.000
 69156   -56810.000       60.000
 69157   -58910.000      110.000
 69158   -58690.000      120.000
 69159   -60730.000       70.000
 69160   -60500.000      300.000
 69161   -62040.000       90.000
 69162   -61510.000       30.000
 69163   -62738.000        7.000
 69164   -61990.000       19.000
 69165   -62939.000        4.000
 69166   -61895.000       12.000
 69167   -62551.000        3.000
 69168   -61320.000        4.000
 69169   -61282.000        3.000
 69170   -59804.000        3.000
 69171   -59219.000        3.000
 69172   -57384.000        7.000
 69173   -56262.000        6.000
 69174   -53870.000       50.000
 69175   -52320.000       50.000
 69176   -49380.000      100.000
 69177   -47500.000      300.000
 69178   -44100.000      400.000
 69179   -41600.000      500.000
 70148   -31000.000      800.000
 70149   -34000.000      700.000
 70150   -39100.000      600.000
 70151   -41700.000      400.000
 70152   -46400.000      400.000
 70153   -47300.000      300.000
 70154   -50080.000      110.000
 70155   -50500.000      300.000
 70156   -53240.000       40.000
 70157   -53410.000       60.000
 70158   -56022.000       10.000
 70159   -55750.000       90.000
 70160   -58160.000      210.000
 70161   -57890.000      220.000
 70162   -59850.000      210.000
 70163   -59370.000      100.000
 70164   -60990.000      110.000
 70165   -60177.000       21.000
 70166   -61591.000        9.000
 70167   -60597.000        5.000
 70168   -61577.000        5.000
 70169   -60373.000        5.000
 70170   -60772.000        3.000
 70171   -59315.000        3.000
 70172   -59264.000        3.000
 70173   -57560.000        3.000
 70174   -56953.000        3.000
 70175   -54704.000        3.000
 70176   -53497.000        3.000
 70177   -50993.000        4.000
 70178   -49701.000       11.000
 70179   -46400.000      300.000
 70180   -44400.000      400.000
 70181   -40800.000      400.000
 71150   -25500.000      700.000
 71151   -30600.000      600.000
 71152   -33900.000      700.000
 71153   -38500.000      600.000
 71154   -40000.000      500.000
 71155   -42630.000      140.000
 71156   -43900.000      300.000
 71157   -46480.000       22.000
 71158   -47350.000      130.000
 71159   -49730.000       50.000
 71160   -50280.000      230.000
 71161   -52590.000      250.000
 71162   -52890.000      220.000
 71163   -54770.000      230.000
 71164   -54760.000      130.000
 71165   -56260.000       90.000
 71166   -56110.000      160.000
 71167   -57470.000      100.000
 71168   -57100.000       80.000
 71169   -58080.000        6.000
 71170   -57313.000       19.000
 71171   -57837.000        4.000
 71172   -56745.000        4.000
 71173   -56889.000        3.000
 71174   -55579.000        3.000
 71175   -55174.000        3.000
 71176   -53391.000        3.000
 71177   -52392.000        3.000
 71178   -50346.000        4.000
 71179   -49067.000        6.000
 71180   -46690.000       70.000
 71181   -44700.000      300.000
 71182   -41700.000      300.000
 71183   -39500.000      300.000
 71184   -36200.000      400.000
 72154   -33300.000      700.000
 72155   -34700.000      600.000
 72156   -38000.000      400.000
 72157   -39000.000      300.000
 72158   -42250.000      110.000
 72159   -42800.000      300.000
 72160   -45910.000       40.000
 72161   -46270.000       80.000
 72162   -49180.000       12.000
 72163   -49300.000      400.000
 72164   -51770.000      200.000
 72165   -51700.000      400.000
 72166   -53800.000      300.000
 72167   -53470.000      210.000
 72168   -55300.000      110.000
 72169   -54810.000       90.000
 72170   -56220.000      200.000
 72171   -55430.000      200.000
 72172   -56390.000       50.000
 72173   -55280.000      110.000
 72174   -55852.000        4.000
 72175   -54490.000        4.000
 72176   -54584.000        3.000
 72177   -52890.000        3.000
 72178   -52445.000        3.000
 72179   -50473.000        3.000
 72180   -49790.000        3.000
 72181   -47414.000        3.000
 72182   -46060.000        7.000
 72183   -43290.000       30.000
 72184   -41500.000       40.000
 72185   -38400.000      300.000
 72186   -36400.000      300.000
 73156   -26400.000      600.000
 73157   -29700.000      600.000
 73158   -31300.000      500.000
 73159   -34550.000      130.000
 73160   -36000.000      300.000
 73161   -38780.000       60.000
 73162   -39920.000      140.000
 73163   -42550.000       70.000
 73164   -43200.000      400.000
 73165   -45810.000      230.000
 73166   -46100.000      300.000
 73167   -48500.000      500.000
 73168   -48600.000      400.000
 73169   -50380.000      210.000
 73170   -50220.000      200.000
 73171   -51740.000      210.000
 73172   -51470.000      190.000
 73173   -52590.000      230.000
 73174   -52010.000       80.000
 73175   -52490.000      110.000
 73176   -51470.000      100.000
 73177   -51724.000        4.000
 73178   -50530.000      100.000
 73179   -50362.000        6.000
 73180   -48935.000        4.000
 73181   -48441.000        3.000
 73182   -46433.000        3.000
 73183   -45296.000        3.000
 73184   -42840.000       30.000
 73185   -41396.000       15.000
 73186   -38610.000       60.000
 73187   -36900.000      300.000
 73188   -33800.000      300.000
 74158   -24300.000      700.000
 74159   -25800.000      600.000
 74160   -29500.000      400.000
 74161   -30700.000      300.000
 74162   -34150.000      110.000
 74163   -34900.000      300.000
 74164   -38210.000       40.000
 74165   -38810.000       90.000
 74166   -41899.000       13.000
 74167   -42200.000      400.000
 74168   -44840.000      200.000
 74169   -44900.000      400.000
 74170   -47200.000      500.000
 74171   -47100.000      300.000
 74172   -49000.000      300.000
 74173   -48600.000      400.000
 74174   -50200.000      300.000
 74175   -49580.000      200.000
 74176   -50680.000      200.000
 74177   -49700.000      300.000
 74178   -50440.000      100.000
 74179   -49302.000       16.000
 74180   -49643.000        5.000
 74181   -48253.000        6.000
 74182   -48246.000        3.000
 74183   -46366.000        3.000
 74184   -45706.000        3.000
 74185   -43388.000        3.000
 74186   -42511.000        3.000
 74187   -39907.000        3.000
 74188   -38669.000        4.000
 74189   -35480.000      200.000
 74190   -34300.000      230.000
 75160   -17200.000      600.000
 75161   -20800.000      600.000
 75162   -22600.000      500.000
 75163   -26110.000      120.000
 75164   -27600.000      400.000
 75165   -30690.000       80.000
 75166   -31860.000      150.000
 75167   -34870.000      140.000
 75168   -35800.000      400.000
 75169   -38350.000      210.000
 75170   -39000.000      400.000
 75171   -41400.000      400.000
 75172   -41700.000      300.000
 75173   -43700.000      500.000
 75174   -43700.000      500.000
 75175   -45300.000      500.000
 75176   -45110.000      200.000
 75177   -46320.000      200.000
 75178   -45780.000      210.000
 75179   -46590.000       60.000
 75180   -45840.000       40.000
 75181   -46515.000       15.000
 75182   -45450.000      110.000
 75183   -45810.000        9.000
 75184   -44223.000        6.000
 75185   -43821.000        3.000
 75186   -41930.000        3.000
 75187   -41218.000        3.000
 75188   -39018.000        3.000
 75189   -37979.000        9.000
 75190   -35570.000      220.000
 75191   -34350.000       11.000
 75192   -31710.000      200.000
 76162   -15100.000      700.000
 76163   -16700.000      600.000
 76164   -20600.000      400.000
 76165   -21900.000      400.000
 76166   -25590.000      110.000
 76167   -26500.000      400.000
 76168   -29960.000       40.000
 76169   -30670.000       90.000
 76170   -33935.000       13.000
 76171   -34400.000      400.000
 76172   -37190.000      200.000
 76173   -37500.000      400.000
 76174   -39900.000      500.000
 76175   -40000.000      300.000
 76176   -41960.000      210.000
 76177   -41900.000      300.000
 76178   -43460.000      210.000
 76179   -42890.000      240.000
 76180   -44390.000      190.000
 76181   -43520.000      200.000
 76182   -44540.000       30.000
 76183   -43680.000      110.000
 76184   -44255.000        3.000
 76185   -42809.000        3.000
 76186   -42999.000        3.000
 76187   -41221.000        3.000
 76188   -41139.000        3.000
 76189   -38988.000        3.000
 76190   -38708.000        3.000
 76191   -36395.000        3.000
 76192   -35882.000        4.000
 76193   -33396.000        4.000
 76194   -32435.000        4.000
 76195   -29700.000      500.000
 76196   -28300.000       40.000
 77165   -11600.000      400.000
 77166   -13500.000      600.000
 77167   -17190.000      110.000
 77168   -18700.000      400.000
 77169   -21990.000       90.000
 77170   -23260.000      150.000
 77171   -26290.000      140.000
 77172   -27300.000      400.000
 77173   -30080.000      230.000
 77174   -30900.000      400.000
 77175   -33300.000      400.000
 77176   -34000.000      300.000
 77177   -36200.000      500.000
 77178   -36300.000      400.000
 77179   -38100.000      400.000
 77180   -37960.000      200.000
 77181   -39460.000      210.000
 77182   -39000.000      150.000
 77183   -40230.000      150.000
 77184   -39700.000      300.000
 77185   -40440.000      200.000
 77186   -39168.000       21.000
 77187   -39718.000        7.000
 77188   -38329.000        8.000
 77189   -38455.000       13.000
 77190   -36710.000      200.000
 77191   -36709.000        3.000
 77192   -34836.000        3.000
 77193   -34536.000        3.000
 77194   -32532.000        3.000
 77195   -31692.000        3.000
 77196   -29450.000       40.000
 77197   -28283.000       21.000
 77198   -25820.000      200.000
 77199   -24420.000       50.000
 78168   -11100.000      400.000
 78169   -12600.000      400.000
 78170   -16460.000      110.000
 78171   -17500.000      400.000
 78172   -21070.000       40.000
 78173   -21890.000      100.000
 78174   -25326.000       14.000
 78175   -25800.000      400.000
 78176   -28880.000      200.000
 78177   -29400.000      400.000
 78178   -31900.000      500.000
 78179   -32200.000      300.000
 78180   -34270.000      200.000
 78181   -34300.000      300.000
 78182   -36080.000      210.000
 78183   -35650.000      230.000
 78184   -37360.000      190.000
 78185   -36560.000      210.000
 78186   -37790.000       40.000
 78187   -36740.000      190.000
 78188   -37823.000        6.000
 78189   -36485.000       12.000
 78190   -37325.000        7.000
 78191   -35691.000        5.000
 78192   -36296.000        4.000
 78193   -34480.000        3.000
 78194   -34779.000        3.000
 78195   -32812.000        3.000
 78196   -32663.000        3.000
 78197   -30438.000        3.000
 78198   -29923.000        5.000
 78199   -27408.000        5.000
 78200   -26618.000       21.000
 78201   -23760.000       50.000
 78202   -22600.000      300.000
 79171    -7660.000      250.000
 79172    -9200.000      400.000
 79173   -12670.000      110.000
 79174   -14050.000      150.000
 79175   -17190.000      240.000
 79176   -18400.000      400.000
 79177   -21220.000      230.000
 79178   -22400.000      400.000
 79179   -24800.000      400.000
 79180   -25700.000      300.000
 79181   -28000.000      500.000
 79182   -28300.000      400.000
 79183   -30200.000      400.000
 79184   -30300.000      200.000
 79185   -31850.000      210.000
 79186   -31670.000      150.000
 79187   -33010.000      160.000
 79188   -32520.000      100.000
 79189   -33640.000      200.000
 79190   -32883.000       17.000
 79191   -33860.000       50.000
 79192   -32779.000       16.000
 79193   -33411.000       10.000
 79194   -32287.000       12.000
 79195   -32586.000        3.000
 79196   -31157.000        4.000
 79197   -31157.000        3.000
 79198   -29598.000        3.000
 79199   -29111.000        3.000
 79200   -27280.000       60.000
 79201   -26416.000        5.000
 79202   -24420.000      170.000
 79203   -23159.000        5.000
 79204   -20770.000      200.000
 79205   -19000.000      300.000
 80175    -8000.000      400.000
 80176   -11720.000       40.000
 80177   -12730.000      120.000
 80178   -16323.000       15.000
 80179   -17000.000      400.000
 80180   -20190.000      200.000
 80181   -20700.000      400.000
 80182   -23500.000      500.000
 80183   -23700.000      300.000
 80184   -26180.000      200.000
 80185   -26100.000      300.000
 80186   -28450.000      210.000
 80187   -28150.000      240.000
 80188   -30220.000      180.000
 80189   -29700.000      300.000
 80190   -31410.000      160.000
 80191   -30680.000       90.000
 80192   -32100.000      300.000
 80193   -31071.000       20.000
 80194   -32247.000       23.000
 80195   -31080.000       50.000
 80196   -31843.000        5.000
 80197   -30557.000        5.000
 80198   -30970.000        3.000
 80199   -29563.000        3.000
 80200   -29520.000        3.000
 80201   -27679.000        3.000
 80202   -27362.000        3.000
 80203   -25283.000        4.000
 80204   -24707.000        3.000
 80205   -22304.000        5.000
 80206   -20960.000       21.000
 80207   -16230.000      150.000
 80208   -13100.000      300.000
 81177    -2910.000      230.000
 81178    -4450.000      220.000
 81179    -7950.000      150.000
 81180    -9100.000      500.000
 81181   -12200.000      400.000
 81182   -13400.000      400.000
 81183   -16100.000      400.000
 81184   -17000.000      300.000
 81185   -19500.000      400.000
 81186   -20000.000      400.000
 81187   -22200.000      400.000
 81188   -22430.000      230.000
 81189   -24500.000      400.000
 81190   -24400.000      500.000
 81191   -26190.000      220.000
 81192   -25950.000      210.000
 81193   -27430.000      250.000
 81194   -26960.000      210.000
 81195   -28270.000      130.000
 81196   -27470.000      140.000
 81197   -28380.000       40.000
 81198   -27510.000       80.000
 81199   -28120.000      100.000
 81200   -27064.000        7.000
 81201   -27196.000       16.000
 81202   -25997.000       16.000
 81203   -25775.000        3.000
 81204   -24360.000        3.000
 81205   -23835.000        3.000
 81206   -22267.000        3.000
 81207   -21044.000        6.000
 81208   -16763.000        3.000
 81209   -13647.000       10.000
 81210    -9254.000       12.000
 82181    -3060.000      170.000
 82182    -6822.000       17.000
 82183    -7500.000      300.000
 82184   -10990.000      200.000
 82185   -11600.000      300.000
 82186   -14600.000      500.000
 82187   -14900.000      300.000
 82188   -17640.000      200.000
 82189   -17800.000      300.000
 82190   -20330.000      210.000
 82191   -20310.000      220.000
 82192   -22580.000      180.000
 82193   -22280.000      190.000
 82194   -24250.000      160.000
 82195   -23800.000      500.000
 82196   -25420.000      140.000
 82197   -24800.000      110.000
 82198   -26100.000      100.000
 82199   -25230.000       70.000
 82200   -26254.000       14.000
 82201   -25290.000       40.000
 82202   -25948.000       10.000
 82203   -24801.000        7.000
 82204   -25124.000        3.000
 82205   -23784.000        3.000
 82206   -23801.000        3.000
 82207   -22467.000        3.000
 82208   -21764.000        3.000
 82209   -17629.000        4.000
 82210   -14743.000        3.000
 82211   -10497.000        3.000
 82212    -7557.000        3.000
 82213    -3260.000      100.000
 82214     -188.000        3.000
 83185    -2140.000      230.000
 83186    -3300.000      500.000
 83187    -6100.000      400.000
 83188    -7300.000      300.000
 83189    -9800.000      400.000
 83190   -10700.000      400.000
 83191   -13000.000      400.000
 83192   -13630.000      230.000
 83193   -15800.000      400.000
 83194   -16100.000      500.000
 83195   -17930.000      220.000
 83196   -18060.000      210.000
 83197   -19620.000      250.000
 83198   -19540.000      180.000
 83199   -20890.000      120.000
 83200   -20360.000      100.000
 83201   -21450.000       40.000
 83202   -20800.000       60.000
 83203   -21547.000       22.000
 83204   -20670.000       30.000
 83205   -21075.000        8.000
 83206   -20043.000        9.000
 83207   -20069.000        4.000
 83208   -18884.000        4.000
 83209   -18273.000        3.000
 83210   -14806.000        3.000
 83211   -11869.000        6.000
 83212    -8131.000        3.000
 83213    -5240.000        8.000
 83214    -1212.000       12.000
 83215     1710.000      100.000
 83216     5780.000      100.000
 84190    -4600.000      500.000
 84191    -5000.000      300.000
 84192    -7900.000      210.000
 84193    -8300.000      300.000
 84194   -10910.000      210.000
 84195   -11140.000      220.000
 84196   -13500.000      180.000
 84197   -13450.000      200.000
 84198   -15520.000      160.000
 84199   -15300.000      500.000
 84200   -17010.000      140.000
 84201   -16570.000      110.000
 84202   -17980.000      100.000
 84203   -17310.000       70.000
 84204   -18344.000       14.000
 84205   -17540.000       30.000
 84206   -18197.000       10.000
 84207   -17160.000        7.000
 84208   -17483.000        4.000
 84209   -16380.000        4.000
 84210   -15968.000        3.000
 84211   -12448.000        3.000
 84212   -10385.000        3.000
 84213    -6667.000        4.000
 84214    -4484.000        3.000
 84215     -545.000        3.000
 84216     1775.000        3.000
 84217     5830.000      100.000
 84218     8352.000        3.000
 85194    -1000.000      400.000
 85195    -3200.000      400.000
 85196    -4000.000      230.000
 85197    -6300.000      400.000
 85198    -6800.000      500.000
 85199    -8730.000      230.000
 85200    -9040.000      210.000
 85201   -10720.000      250.000
 85202   -10760.000      180.000
 85203   -12250.000      120.000
 85204   -11870.000      100.000
 85205   -13010.000       40.000
 85206   -12480.000       60.000
 85207   -13250.000       22.000
 85208   -12500.000       30.000
 85209   -12893.000        8.000
 85210   -11987.000        9.000
 85211   -11662.000        4.000
 85212    -8631.000        4.000
 85213    -6594.000        6.000
 85214    -3394.000        5.000
 85215    -1266.000        8.000
 85216     2244.000        5.000
 85217     4387.000        8.000
 85218     8087.000       12.000
 85219    10520.000       90.000
 85220    14250.000      120.000
 85221    16900.000      300.000
 85222    20800.000      300.000
 85223    23600.000      400.000
 86196     2150.000      210.000
 86197     1500.000      300.000
 86198    -1140.000      210.000
 86199    -1580.000      230.000
 86200    -4030.000      180.000
 86201    -4160.000      200.000
 86202    -6320.000      160.000
 86203    -6200.000      500.000
 86204    -8040.000      140.000
 86205    -7760.000      120.000
 86206    -9170.000      100.000
 86207    -8640.000       70.000
 86208    -9658.000       14.000
 86209    -8960.000       30.000
 86210    -9613.000       11.000
 86211    -8770.000        8.000
 86212    -8673.000        5.000
 86213    -5712.000        8.000
 86214    -4335.000       10.000
 86215    -1184.000        9.000
 86216      240.000        8.000
 86217     3646.000        5.000
 86218     5204.000        4.000
 86219     8826.000        3.000
 86220    10604.000        3.000
 86221    14400.000      100.000
 86222    16367.000        3.000
 86223    20300.000      300.000
 86224    22400.000      300.000
 86225    26500.000      300.000
 86226    28800.000      400.000
 86227    33000.000      500.000
 86228    35500.000      500.000
 87200     6050.000      240.000
 87201     3700.000      400.000
 87202     3100.000      500.000
 87203      980.000      230.000
 87204      550.000      210.000
 87205    -1240.000      240.000
 87206    -1410.000      180.000
 87207    -2930.000      120.000
 87208    -2670.000       80.000
 87209    -3800.000       40.000
 87210    -3355.000       22.000
 87211    -4164.000       21.000
 87212    -3540.000       30.000
 87213    -3563.000        9.000
 87214     -974.000       10.000
 87215      304.000        8.000
 87216     2969.000       13.000
 87217     4300.000        7.000
 87218     7045.000        6.000
 87219     8608.000        8.000
 87220    11469.000        5.000
 87221    13270.000        8.000
 87222    16342.000       22.000
 87223    18379.000        3.000
 87224    21640.000       50.000
 87225    23853.000       11.000
 87226    27330.000       90.000
 87227    29650.000      100.000
 87228    33280.000      200.000
 87229    35800.000      400.000
 87230    39600.000      500.000
 87231    42300.000      600.000
 87232    46300.000      700.000
 88203     8580.000      240.000
 88204     6030.000      190.000
 88205     5760.000      210.000
 88206     3520.000      160.000
 88207     3500.000      500.000
 88208     1650.000      140.000
 88209     1810.000      130.000
 88210      420.000      100.000
 88211      830.000       70.000
 88212     -202.000       14.000
 88213      320.000       30.000
 88214       85.000       11.000
 88215     2519.000        8.000
 88216     3277.000       10.000
 88217     5874.000       10.000
 88218     6636.000       12.000
 88219     9379.000        9.000
 88220    10260.000       11.000
 88221    12955.000        7.000
 88222    14309.000        5.000
 88223    17230.000        3.000
 88224    18818.000        3.000
 88225    21987.000        3.000
 88226    23662.300        2.500
 88227    27172.000        3.000
 88228    28936.000        2.500
 88229    32430.000       70.000
 88230    34540.000       40.000
 88231    38400.000      300.000
 88232    40700.000      400.000
 88233    44700.000      500.000
 88234    47100.000      600.000
 89207    11270.000      240.000
 89208    10700.000      210.000
 89209     8910.000      250.000
 89210     8620.000      190.000
 89211     7120.000      130.000
 89212     7280.000      100.000
 89213     6120.000       60.000
 89214     6420.000       60.000
 89215     6010.000       60.000
 89216     8120.000       30.000
 89217     8693.000       13.000
 89218    10830.000       50.000
 89219    11560.000       50.000
 89220    13740.000       60.000
 89221    14510.000       50.000
 89222    16607.000        6.000
 89223    17816.000        8.000
 89224    20221.000        5.000
 89225    21630.000        8.000
 89226    24303.000        4.000
 89227    25846.000        3.000
 89228    28890.000        3.000
 89229    30670.000       50.000
 89230    33560.000      100.000
 89231    35910.000      100.000
 89232    39140.000      100.000
 89233    41500.000      300.000
 89234    45100.000      400.000
 89235    47600.000      500.000
 89236    51400.000      500.000
 90210    14000.000      160.000
 90211    13800.000      500.000
 90212    12030.000      140.000
 90213    12070.000      140.000
 90214    10670.000      100.000
 90215    10920.000       70.000
 90216    10294.000       16.000
 90217    12170.000       30.000
 90218    12359.000       15.000
 90219    14460.000       50.000
 90220    14655.000       23.000
 90221    16927.000       11.000
 90222    17190.000       13.000
 90223    19371.000       10.000
 90224    19989.000       13.000
 90225    22301.000        8.000
 90226    23186.000        5.000
 90227    25801.000        3.000
 90228    26763.000        3.000
 90229    29580.000        3.000
 90230    30857.200        2.100
 90231    33810.500        2.100
 90232    35443.700        2.100
 90233    38728.600        2.100
 90234    40609.000        4.000
 90235    44250.000       50.000
 90236    46300.000      300.000
 90237    50200.000      400.000
 90238    52400.000      400.000
 91213    19730.000      250.000
 91214    19320.000      200.000
 91215    17790.000      140.000
 91216    17800.000      110.000
 91217    17040.000       80.000
 91218    18640.000       80.000
 91219    18520.000       80.000
 91220    20380.000       60.000
 91221    20370.000       60.000
 91222    22100.000       80.000
 91223    22320.000       80.000
 91224    23860.000       60.000
 91225    24330.000       80.000
 91226    26019.000       12.000
 91227    26821.000        8.000
 91228    28911.000        5.000
 91229    29890.000        9.000
 91230    32167.000        4.000
 91231    33421.000        3.000
 91232    35939.000        8.000
 91233    37483.500        2.300
 91234    40336.000        5.000
 91235    42320.000       50.000
 91236    45340.000      200.000
 91237    47640.000      100.000
 91238    50760.000       60.000
 91239    53200.000      300.000
 91240    56800.000      300.000
 92218    21880.000      100.000
 92219    23210.000       90.000
 92220    23020.000      210.000
 92221    24550.000      110.000
 92222    24280.000      110.000
 92223    25820.000       80.000
 92224    25700.000       30.000
 92225    27370.000       60.000
 92226    27330.000       19.000
 92227    29007.000       17.000
 92228    29218.000       16.000
 92229    31201.000        8.000
 92230    31603.000        5.000
 92231    33803.000        5.000
 92232    34602.000        3.000
 92233    36913.000        3.000
 92234    38140.600        2.000
 92235    40914.100        2.000
 92236    42440.600        2.000
 92237    45386.100        2.000
 92238    47303.700        2.000
 92239    50568.700        2.000
 92240    52709.000        6.000
 92241    56200.000      300.000
 92242    58610.000      210.000
 93225    31580.000       80.000
 93226    32720.000       90.000
 93227    32560.000       80.000
 93228    33700.000      200.000
 93229    33760.000       90.000
 93230    35220.000       60.000
 93231    35610.000       50.000
 93232    37350.000      100.000
 93233    37940.000       60.000
 93234    39950.000        9.000
 93235    41037.800        2.200
 93236    43370.000       50.000
 93237    44867.500        2.000
 93238    47450.700        2.000
 93239    49305.300        2.200
 93240    52321.000       16.000
 93241    54260.000       70.000
 93242    57410.000      210.000
 93243    59870.000       40.000
 93244    63200.000      300.000
 94228    36070.000       40.000
 94229    37390.000       80.000
 94230    36930.000       25.000
 94231    38430.000      110.000
 94232    38358.000       19.000
 94233    40040.000       50.000
 94234    40338.000        8.000
 94235    42179.000       21.000
 94236    42894.000        3.000
 94237    45087.800        2.400
 94238    46158.700        2.000
 94239    48583.500        2.000
 94240    50121.300        2.000
 94241    52951.000        2.000
 94242    54713.000        2.000
 94243    57750.000        4.000
 94244    59800.000        5.000
 94245    63098.000       15.000
 94246    65389.000       16.000
 94247    69000.000      300.000
 95231    42400.000      300.000
 95232    43400.000      300.000
 95233    43290.000      220.000
 95234    44520.000      210.000
 95235    44740.000      210.000
 95236    46170.000      100.000
 95237    46550.000       60.000
 95238    48420.000       50.000
 95239    49386.000        3.000
 95240    51500.000       14.000
 95241    52930.200        2.000
 95242    55464.000        2.000
 95243    57168.300        2.200
 95244    59875.900        2.200
 95245    61893.000        4.000
 95246    64989.000       19.000
 95247    67150.000      100.000
 95248    70560.000      200.000
 95249    73100.000      300.000
 96233    47300.000      400.000
 96234    46800.000      300.000
 96235    48060.000      230.000
 96236    47880.000      210.000
 96237    49270.000      210.000
 96238    49380.000       40.000
 96239    51190.000      100.000
 96240    51716.000        3.000
 96241    53697.600        2.300
 96242    54799.200        2.000
 96243    57177.200        2.300
 96244    58447.800        2.000
 96245    60999.000        3.000
 96246    62612.700        2.200
 96247    65528.000        5.000
 96248    67386.000        5.000
 96249    70744.000        6.000
 96250    72983.000       12.000
 96251    76641.000       23.000
 96252    79100.000      300.000
 97235    52700.000      400.000
 97236    53400.000      400.000
 97237    53200.000      300.000
 97238    54300.000      300.000
 97239    54400.000      300.000
 97240    55660.000      150.000
 97241    56100.000      200.000
 97242    57800.000      200.000
 97243    58686.000        5.000
 97244    60703.000       15.000
 97245    61809.600        2.500
 97246    63960.000       60.000
 97247    65483.000        6.000
 97248    68070.000       80.000
 97249    69843.000        4.000
 97250    72946.000        5.000
 97251    75221.000       11.000
 97252    78530.000      200.000
 97253    80900.000      400.000
 97254    84400.000      300.000
 98237    57800.000      500.000
 98238    57200.000      400.000
 98239    58290.000      240.000
 98240    58030.000      210.000
 98241    59400.000      300.000
 98242    59330.000       40.000
 98243    60940.000      150.000
 98244    61470.000        4.000
 98245    63380.000      100.000
 98246    64085.700        2.300
 98247    66129.000        9.000
 98248    67233.000        6.000
 98249    69719.000        3.000
 98250    71166.100        2.200
 98251    74128.000        5.000
 98252    76028.000        5.000
 98253    79295.000        7.000
 98254    81335.000       13.000
 98255    84800.000      200.000
 98256    87000.000      300.000
 99240    64200.000      400.000
 99241    64000.000      300.000
 99242    64900.000      400.000
 99243    64900.000      300.000
 99244    66110.000      190.000
 99245    66430.000      200.000
 99246    67970.000      230.000
 99247    68600.000       30.000
 99248    70290.000       60.000
 99249    71170.000       30.000
 99250    73270.000      100.000
 99251    74504.000        6.000
 99252    77290.000       50.000
 99253    79007.000        4.000
 99254    81986.000        5.000
 99255    84083.000       11.000
 99256    87180.000      100.000
 99257    89400.000      500.000
100242    68400.000      400.000
100243    69410.000      240.000
100244    69000.000      300.000
100245    70200.000      300.000
100246    70120.000       40.000
100247    71560.000      150.000
100248    71897.000       12.000
100249    73610.000      150.000
100250    74068.000       12.000
100251    75979.000        9.000
100252    76811.000        6.000
100253    79341.000        5.000
100254    80898.000        3.000
100255    83793.000        5.000
100256    85480.000        8.000
100257    88584.000        7.000
100258    90420.000      200.000
100259    93700.000      300.000
101245    75500.000      400.000
101246    76300.000      400.000
101247    76200.000      400.000
101248    77230.000      240.000
101249    77320.000      230.000
101250    78700.000      300.000
101251    79100.000      210.000
101252    80700.000      200.000
101253    81300.000      210.000
101254    83580.000      100.000
101255    84836.000        7.000
101256    87610.000       60.000
101257    88990.000        4.000
101258    91683.000        5.000
101259    93620.000      200.000
101260    96500.000      400.000
102249    81800.000      400.000
102250    81500.000      210.000
102251    82870.000      190.000
102252    82871.000       13.000
102253    84440.000      250.000
102254    84718.000       18.000
102255    86845.000       12.000
102256    87817.000        8.000
102257    90220.000       30.000
102258    91470.000      200.000
102259    94100.000      100.000
102260    95610.000      200.000
102261    98500.000      300.000
102262   100200.000      600.000
103251    87900.000      300.000
103252    88800.000      300.000
103253    88730.000      230.000
103254    90000.000      400.000
103255    90140.000      210.000
103256    92000.000      220.000
103257    92780.000      210.000
103258    94900.000      110.000
103259    95940.000       80.000
103260    98340.000      120.000
103261    99620.000      200.000
103262   102200.000      300.000
103263   103800.000      400.000
104253    93800.000      500.000
104254    93300.000      300.000
104255    94540.000      210.000
104256    94250.000       30.000
104257    96000.000      300.000
104258    96470.000      210.000
104259    98390.000       80.000
104260    99140.000      200.000
104261   101300.000      110.000
104262   102400.000      300.000
104263   104830.000      190.000
104264   106200.000      500.000
105255   100000.000      500.000
105256   100700.000      400.000
105257   100470.000      240.000
105258   101900.000      400.000
105259   102200.000      300.000
105260   103790.000      240.000
105261   104430.000      240.000
105262   106330.000      190.000
105263   107190.000      170.000
105264   109430.000      240.000
105265   110500.000      300.000
106258   105400.000      500.000
106259   106800.000      210.000
106260   106600.000       40.000
106261   108200.000      300.000
106262   108500.000      300.000
106263   110210.000      130.000
106264   110800.000      300.000
106265   112770.000      150.000
106266   113600.000      300.000
107260   113500.000      700.000
107261   113460.000      240.000
107262   114600.000      400.000
107263   114700.000      500.000
107264   116200.000      300.000
107265   116600.000      400.000
107266   118300.000      400.000
107267   119000.000      400.000
108263   119900.000      400.000
108264   119610.000       50.000
108265   121100.000      300.000
108266   121100.000      500.000
108267   122750.000      110.000
108268   123100.000      500.000
108269   124900.000      500.000
109265   127200.000      500.000
109266   128500.000      400.000
109267   128100.000      600.000
109268   129300.000      400.000
109269   129600.000      600.000
109270   131100.000      700.000
109271   131600.000      600.000
110267   134100.000      400.000
110268   133700.000      500.000
110269   135200.000      300.000
110270   134700.000      700.000
110271   136070.000      190.000
110272   136300.000      700.000
110273   139000.000      500.000
